97424.938275537905,53318.866158793069,-13532.160988333822,-6300.9290100976723,-21971.570173189572,-16694.010551786207,-8496.557157677189,44423.541478332845,-20411.170651899203,-4281.6336804287248,16581.309003446026,-11277.125680445628,-49135.216910844894,-520.03663286078051,-40601.595003358263,-14181.913152622448,-5541.7954395041461,53318.866158793069,822273.34512842121,144150.46055670941,15736.035067624663,21620.801691143053,407639.63228779449,519788.01701591641,476761.35956906475,276462.65346406196,259212.31445311449,175738.51410551963,121806.1840855984,145660.4503664466,259444.38231342172,222408.08509155561,241869.83367670473,254585.81541740129,-13532.160988333822,144150.46055670941,177519.26646605739,-29282.876813741477,23262.03086143285,175999.46010534803,132211.29798377934,52244.500635733217,66530.270725398499,152930.81253459354,57481.566623860424,1475.1152068503568,52304.594604594502,36839.124598434755,67408.696627661135,30100.821105824823,48958.537612048756,-6300.9290100976723,15736.035067624663,-29282.876813741477,80500.986291129477,-11271.901585650605,4952.3403157967205,-14850.320428178535,33729.342901325188,10656.122171887248,-8547.3649257419765,14793.419218674291,-2762.062826733496,301.4885254890138,10718.993895157813,23129.403868092246,31514.961527575269,9575.9739695453063,-21971.570173189572,21620.801691143053,23262.03086143285,-11271.901585650605,84106.755421721726,54936.996700318843,61900.803842995454,1657.4420022226311,14012.021154329603,4326.0164836834847,17993.951005675863,8936.9860420279019,37967.652044941315,3592.4530016234662,35886.532919178637,27595.30626250456,8903.578071494876,-16694.010551786207,407639.63228779449,175999.46010534803,4952.3403157967205,54936.996700318843,355196.78915472195,324552.42371491081,222960.07557965562,177728.72581815926,207464.89659521714,123814.38787564487,32826.886769595621,118457.57310586605,116633.6715655665,163378.50123667024,144691.29800822723,159912.01156894679,-8496.557157677189,519788.01701591641,132211.29798377934,-14850.320428178535,61900.803842995454,324552.42371491081,427104.7276280467,291963.93899544509,201306.22450385307,195948.52847120844,139985.85746880024,86663.082826097452,141592.05009518401,155714.10758571915,167167.74404865116,178670.04862337562,178108.78918883801,44423.541478332845,476761.35956906475,52244.500635733217,33729.342901325188,1657.4420022226311,222960.07557965562,291963.93899544509,328799.79215788317,160723.82867051396,135749.36682334976,113319.46775093963,61656.610497366011,61028.371694400688,157131.57464628358,119224.58378588938,146095.6034257682,149209.29340940807,-20411.170651899203,276462.65346406196,66530.270725398499,10656.122171887248,14012.021154329603,177728.72581815926,201306.22450385307,160723.82867051396,166315.21439890307,104497.17772174458,76285.978569105515,44671.273314972714,99117.84133996845,94237.583684288402,107285.1010167552,102573.36071509006,116285.21462841018,-4281.6336804287248,259212.31445311449,152930.81253459354,-8547.3649257419765,4326.0164836834847,207464.89659521714,195948.52847120844,135749.36682334976,104497.17772174458,208458.84108918495,77100.406217455515,26017.771754698806,69772.556049075603,73614.739174721763,92614.641848950661,71026.419982259336,83380.875401858837,16581.309003446026,175738.51410551963,57481.566623860424,14793.419218674291,17993.951005675863,123814.38787564487,139985.85746880024,113319.46775093963,76285.978569105515,77100.406217455515,90620.645994374703,21409.195406967909,40990.158573481778,46828.02525870598,47083.484612862812,64117.736880907294,67320.259389779429,-11277.125680445628,121806.1840855984,1475.1152068503568,-2762.062826733496,8936.9860420279019,32826.886769595621,86663.082826097452,61656.610497366011,44671.273314972714,26017.771754698806,21409.195406967909,74929.769702528152,36778.793275248463,53517.944155704688,27240.604878831185,41505.9111425632,28478.850802407327,-49135.216910844894,145660.4503664466,52304.594604594502,301.4885254890138,37967.652044941315,118457.57310586605,141592.05009518401,61028.371694400688,99117.84133996845,69772.556049075603,40990.158573481778,36778.793275248463,120632.06279167258,52226.871556228289,85551.36154674321,75091.423844324847,75758.526089113846,-520.03663286078051,259444.38231342172,36839.124598434755,10718.993895157813,3592.4530016234662,116633.6715655665,155714.10758571915,157131.57464628358,94237.583684288402,73614.739174721763,46828.02525870598,53517.944155704688,52226.871556228289,112473.22257743345,76301.319330797574,86763.290878604908,80006.621467440695,-40601.595003358263,222408.08509155561,67408.696627661135,23129.403868092246,35886.532919178637,163378.50123667024,167167.74404865116,119224.58378588938,107285.1010167552,92614.641848950661,47083.484612862812,27240.604878831185,85551.36154674321,76301.319330797574,136250.26689709752,91977.853437754646,85719.831237429069,-14181.913152622448,241869.83367670473,30100.821105824823,31514.961527575269,27595.30626250456,144691.29800822723,178670.04862337562,146095.6034257682,102573.36071509006,71026.419982259336,64117.736880907294,41505.9111425632,75091.423844324847,86763.290878604908,91977.853437754646,118671.95594470503,95290.628166945302,-5541.7954395041461,254585.81541740129,48958.537612048756,9575.9739695453063,8903.578071494876,159912.01156894679,178108.78918883801,149209.29340940807,116285.21462841018,83380.875401858837,67320.259389779429,28478.850802407327,75758.526089113846,80006.621467440695,85719.831237429069,95290.628166945302,116591.2911495406
