137969.94899060391,49602.025660424828,-22387.921035892523,53864.059522096963,15475.228602361683,33411.18261734963,-7711.8121509781768,14983.782160365243,-18488.623749372116,-40381.679558443328,44565.56840486759,-29134.198530460239,-9660.6428177498547,-23774.561314565144,-59060.918850243448,4470.0554978168793,-4050.0400670799236,49602.025660424828,612250.75412851246,15099.501369157644,28651.561502037348,233553.44088389073,96640.951132280301,71086.524599320735,60662.854798729692,52156.687736439271,37640.583185644129,90470.880552648363,110815.82166300749,206315.53928572329,100207.57146779676,91690.081912255366,185666.81926934203,135181.71170823177,-22387.921035892523,15099.501369157644,167084.05250968281,-72701.317119189742,623.10218267920368,30383.14513384402,24204.806821006659,-30092.295235125734,15372.948366452354,86853.21829440337,24767.367269082861,1095.7857147132213,32936.359566687905,42408.802139543055,-10740.987646798818,-9786.2171335711882,5200.6368017884579,53864.059522096963,28651.561502037348,-72701.317119189742,152808.32509327901,-15757.576649357376,37053.850456052824,-33664.445027991213,28089.275526468562,-10644.970792596039,-60448.483237962952,30415.51190048534,-56334.676791473707,-5524.9143282838668,-21808.936871736983,-5517.3608334785613,18675.81672133059,-9682.4273527253044,15475.228602361683,233553.44088389073,623.10218267920368,-15757.576649357376,151837.83502510184,33128.254953161217,33267.559785718338,12150.959523939366,11190.63597024583,17073.284384078481,24442.196923768523,52594.609234519259,87144.678639095466,33064.711358455446,47536.685125403252,69932.464059618229,45396.812829713497,33411.18261734963,96640.951132280301,30383.14513384402,37053.850456052824,33128.254953161217,91011.780690447355,18592.763697974529,12277.273915612563,9194.8108213036176,32983.810478063548,45281.192334157851,-6711.7322023960596,38630.462453869084,5404.4635416349502,2560.3353666862699,37608.728443214575,29358.195762158975,-7711.8121509781768,71086.524599320735,24204.806821006659,-33664.445027991213,33267.559785718338,18592.763697974529,62857.997424895228,2097.9037178573458,10075.00020265807,32216.760688382274,13734.046265044395,29550.358563385802,33016.087953195944,19891.735829627814,18165.441048133602,29348.512453217361,11867.038126234807,14983.782160365243,60662.854798729692,-30092.295235125734,28089.275526468562,12150.959523939366,12277.273915612563,2097.9037178573458,54195.396927473397,-6926.063473670999,-4223.5027905298084,15321.232567677487,-1629.2802212036991,5025.7961091376101,6040.8048274372677,11324.187719409878,21497.806601268723,15324.287627601052,-18488.623749372116,52156.687736439271,15372.948366452354,-10644.970792596039,11190.63597024583,9194.8108213036176,10075.00020265807,-6926.063473670999,87132.528260915162,10018.185206824128,3664.2761313993169,21118.141754956781,38993.436722441045,16041.799847953285,12523.072250380425,14462.994527082114,19215.331213113663,-40381.679558443328,37640.583185644129,86853.21829440337,-60448.483237962952,17073.284384078481,32983.810478063548,32216.760688382274,-4223.5027905298084,10018.185206824128,129038.44765586585,27647.690533093693,23878.317171945651,40343.825846980166,17490.151189344426,31286.896168518033,24286.518606197202,38191.783580499367,44565.56840486759,90470.880552648363,24767.367269082861,30415.51190048534,24442.196923768523,45281.192334157851,13734.046265044395,15321.232567677487,3664.2761313993169,27647.690533093693,74762.283458137885,-1051.2210626188155,31012.580422675772,5479.8101216281711,-5964.8112058078514,28344.366897344877,31008.872299781055,-29134.198530460239,110815.82166300749,1095.7857147132213,-56334.676791473707,52594.609234519259,-6711.7322023960596,29550.358563385802,-1629.2802212036991,21118.141754956781,23878.317171945651,-1051.2210626188155,94535.684550962585,44739.137423566463,32596.428277234929,27315.780902779188,40280.142489296348,39960.367171178637,-9660.6428177498547,206315.53928572329,32936.359566687905,-5524.9143282838668,87144.678639095466,38630.462453869084,33016.087953195944,5025.7961091376101,38993.436722441045,40343.825846980166,31012.580422675772,44739.137423566463,112464.30791827638,47168.426216726184,40453.07733866405,69241.027698243663,55323.82603909813,-23774.561314565144,100207.57146779676,42408.802139543055,-21808.936871736983,33064.711358455446,5404.4635416349502,19891.735829627814,6040.8048274372677,16041.799847953285,17490.151189344426,5479.8101216281711,32596.428277234929,47168.426216726184,70446.172987123311,17425.31434072083,35107.965726984628,16646.19409398652,-59060.918850243448,91690.081912255366,-10740.987646798818,-5517.3608334785613,47536.685125403252,2560.3353666862699,18165.441048133602,11324.187719409878,12523.072250380425,31286.896168518033,-5964.8112058078514,27315.780902779188,40453.07733866405,17425.31434072083,91862.837598632934,41785.882172685961,31064.3862845072,4470.0554978168793,185666.81926934203,-9786.2171335711882,18675.81672133059,69932.464059618229,37608.728443214575,29348.512453217361,21497.806601268723,14462.994527082114,24286.518606197202,28344.366897344877,40280.142489296348,69241.027698243663,35107.965726984628,41785.882172685961,99177.565775214433,54684.733598343279,-4050.0400670799236,135181.71170823177,5200.6368017884579,-9682.4273527253044,45396.812829713497,29358.195762158975,11867.038126234807,15324.287627601052,19215.331213113663,38191.783580499367,31008.872299781055,39960.367171178637,55323.82603909813,16646.19409398652,31064.3862845072,54684.733598343279,69569.888261753425
