182173.12887162867,37792.719161349021,-4313.804999125643,63621.527137823032,31444.362862110138,15598.449209434724,54964.203164796585,-58690.420318832694,-15140.685787102622,32382.073367634977,-49452.658078619643,38794.722376535545,8751.0496162072905,-18903.160499923099,6682.2433123205401,31690.110337308979,-38508.49952925471,37792.719161349021,106362.94301727756,-29826.617582919622,5194.0143573763571,4465.4924952334331,149437.68625587851,44571.324883320791,34234.177125385482,60466.231182006122,47076.24488973854,26643.503017488987,62894.471488289229,41349.068024958928,17771.099320129091,48450.368550584077,31862.72143216015,-31619.494171062088,-4313.804999125643,-29826.617582919622,120262.21279365054,-12671.46553988017,25815.740900784938,-118578.70025950727,-3373.482675022387,82.491361399574785,-43969.085689258398,-41103.880425740026,-1243.0590576639004,-63212.151830139672,7856.4253622032111,-23151.107473491258,-16286.433289875196,-11066.287995847648,-14647.234293564492,63621.527137823032,5194.0143573763571,-12671.46553988017,236009.82696204912,-12351.55555264921,-157717.74570749034,16054.192903702147,-137154.87223778098,-40602.378945547658,3739.9861011722919,-116052.98956810498,-21565.961853255489,-111842.27189376284,-109645.72694664325,-61716.076203271979,-48613.52420232787,-55928.695465599834,31444.362862110138,4465.4924952334331,25815.740900784938,-12351.55555264921,105250.06447823707,-46226.936641892687,17068.418242652249,-16715.327619512878,-14558.862381423902,15462.175176357458,5113.9149596565676,-9208.6202913353409,-9270.8080904749604,-10011.526217183507,-4046.726422731685,18725.973382582051,-11143.30923498461,15598.449209434724,149437.68625587851,-118578.70025950727,-157717.74570749034,-46226.936641892687,606614.55691724829,70223.482237948891,183260.75771124306,103315.98223760183,81162.137058297361,158114.60786450261,232440.91655115731,165050.02965557188,164196.40990613229,126793.13584989001,111422.01951344591,33290.195621665989,54964.203164796585,44571.324883320791,-3373.482675022387,16054.192903702147,17068.418242652249,70223.482237948891,61651.853387830372,2246.8659848126881,19538.576383093245,20114.644641244358,9122.5384955470236,42575.157007578491,15983.302892627424,3147.6084368481415,20094.295108656537,17075.30766646719,-21034.310909716329,-58690.420318832694,34234.177125385482,82.491361399574785,-137154.87223778098,-16715.327619512878,183260.75771124306,2246.8659848126881,160386.66074239637,30460.34524705464,6904.9571609430104,108279.52818702252,49587.502997308402,86958.270168733128,79161.761198972337,52418.674139039671,30506.301770774673,37322.513925441694,-15140.685787102622,60466.231182006122,-43969.085689258398,-40602.378945547658,-14558.862381423902,103315.98223760183,19538.576383093245,30460.34524705464,107511.19836874818,32348.589667887631,26123.940443230771,20884.785193983065,39341.075936904592,27110.359645111726,48336.279043504474,22807.556163595753,-3230.433783325102,32382.073367634977,47076.24488973854,-41103.880425740026,3739.9861011722919,15462.175176357458,81162.137058297361,20114.644641244358,6904.9571609430104,32348.589667887631,68468.622304630306,-5154.3934090087951,41444.545796361715,8196.2700076269939,19869.209692884735,26090.904080822358,42329.02173303868,-12293.847507576862,-49452.658078619643,26643.503017488987,-1243.0590576639004,-116052.98956810498,5113.9149596565676,158114.60786450261,9122.5384955470236,108279.52818702252,26123.940443230771,-5154.3934090087951,122117.21936805127,34352.147978291498,83217.467059739196,71724.344909169406,51847.551152901578,25317.177911939241,38709.792150715133,38794.722376535545,62894.471488289229,-63212.151830139672,-21565.961853255489,-9208.6202913353409,232440.91655115731,42575.157007578491,49587.502997308402,20884.785193983065,41444.545796361715,34352.147978291498,131025.6888357378,33923.12250016279,46735.481436574184,38341.642414685244,45221.416374830886,5844.8692833817877,8751.0496162072905,41349.068024958928,7856.4253622032111,-111842.27189376284,-9270.8080904749604,165050.02965557188,15983.302892627424,86958.270168733128,39341.075936904592,8196.2700076269939,83217.467059739196,33923.12250016279,120030.8289357832,69901.009384936027,60678.275924510592,32063.411475648794,17438.520123265505,-18903.160499923099,17771.099320129091,-23151.107473491258,-109645.72694664325,-10011.526217183507,164196.40990613229,3147.6084368481415,79161.761198972337,27110.359645111726,19869.209692884735,71724.344909169406,46735.481436574184,69901.009384936027,96703.687000686012,48451.416424536292,40259.772674562373,36564.678891146054,6682.2433123205401,48450.368550584077,-16286.433289875196,-61716.076203271979,-4046.726422731685,126793.13584989001,20094.295108656537,52418.674139039671,48336.279043504474,26090.904080822358,51847.551152901578,38341.642414685244,60678.275924510592,48451.416424536292,69321.126231909031,32758.168026509826,4236.4184894104337,31690.110337308979,31862.72143216015,-11066.287995847648,-48613.52420232787,18725.973382582051,111422.01951344591,17075.30766646719,30506.301770774673,22807.556163595753,42329.02173303868,25317.177911939241,45221.416374830886,32063.411475648794,40259.772674562373,32758.168026509826,93792.07112350894,9646.2806439869328,-38508.49952925471,-31619.494171062088,-14647.234293564492,-55928.695465599834,-11143.30923498461,33290.195621665989,-21034.310909716329,37322.513925441694,-3230.433783325102,-12293.847507576862,38709.792150715133,5844.8692833817877,17438.520123265505,36564.678891146054,4236.4184894104337,9646.2806439869328,63836.880808067915
