223999.07665398053,-22865.373236972879,-2206.5799138629272,-27056.322377178061,-26908.680186052807,36688.745556349262,55736.122498320503,-70444.719925371421,-25313.081937124083,-27256.164364176442,-12195.533629935204,38198.866465405095,3210.236456494406,-34131.51417561077,-7948.6852512738469,2839.0249572500543,-18456.173747184715,-22865.373236972879,1414343.5589907039,1032622.4541687459,1308549.7163248111,1821594.2536541463,1087631.5441493145,1136652.9431307393,1282944.2540151489,1207226.6937553457,1267216.330812105,1262694.7308656832,1170343.6965697987,1057076.2219037891,1061040.7070063453,1212150.2058962302,1177172.1537646209,1134587.5368586639,-2206.5799138629272,1032622.4541687459,1007692.6593460399,870060.56179023779,1351463.3738298116,694759.61715112417,791789.29293744254,1048754.5091741239,842245.3303075938,921881.55179911235,951871.30322074762,900349.82607644005,780689.86876741599,720875.7417976869,913734.93086337566,870998.77753029659,810202.35668342863,-27056.322377178061,1308549.7163248111,870060.56179023779,1396947.3942177691,1703358.7895541934,1133044.5015261953,1128362.8749884758,1169449.8802536307,1193297.9848615231,1216313.4427553643,1213804.894445431,1160258.9106490628,1003709.7574952353,1042913.7819698956,1180641.3026855011,1106159.1984424817,1139386.181260346,-26908.680186052807,1821594.2536541463,1351463.3738298116,1703358.7895541934,2533819.4715239992,1384853.1410183497,1496095.606039254,1731135.8916052708,1628702.0049719703,1717136.911703537,1670996.1888031706,1506975.2706572493,1412405.4839953205,1460373.1065974294,1539988.8320956356,1544406.2810561617,1504827.8183591231,36688.745556349262,1087631.5441493145,694759.61715112417,1133044.5015261953,1384853.1410183497,1065649.5335498152,961452.87244801293,957237.9666983512,994218.87907515466,997929.94708193198,1064524.3245434419,1015459.9601339984,857054.65236760664,869365.13020856003,1030483.677846601,943424.68657828995,958954.9550292627,55736.122498320503,1136652.9431307393,791789.29293744254,1128362.8749884758,1496095.606039254,961452.87244801293,1028783.0930629955,1021235.9841009236,975370.25870375114,1026906.8495737233,1038994.4630302599,996466.9725383718,863545.21234219323,892630.18137030082,1014138.7674249122,962443.28979637497,977887.45775889803,-70444.719925371421,1282944.2540151489,1048754.5091741239,1169449.8802536307,1731135.8916052708,957237.9666983512,1021235.9841009236,1311266.9808226039,1109854.5948354471,1191561.7007956472,1199415.4722858241,1092503.7280674146,984976.0148774694,985062.36722557899,1103472.4760568568,1087874.8185256633,1051762.1849266156,-25313.081937124083,1207226.6937553457,842245.3303075938,1193297.9848615231,1628702.0049719703,994218.87907515466,975370.25870375114,1109854.5948354471,1220965.9538644704,1153224.2013348548,1140342.7958651322,1043574.9884434434,971750.30425072485,953751.50038728537,1055955.0692618289,1057719.4908943526,1040507.4597419066,-27256.164364176442,1267216.330812105,921881.55179911235,1216313.4427553643,1717136.911703537,997929.94708193198,1026906.8495737233,1191561.7007956472,1153224.2013348548,1216070.542979734,1177257.4386231536,1073282.8379751884,996024.7902541128,1024540.6862611698,1096852.5460226447,1081822.5782822196,1048239.5656347412,-12195.533629935204,1262694.7308656832,951871.30322074762,1213804.894445431,1670996.1888031706,1064524.3245434419,1038994.4630302599,1199415.4722858241,1140342.7958651322,1177257.4386231536,1259477.8217751263,1128853.6258056667,994978.8041315641,998361.87806609191,1160547.0064690453,1094681.1128228565,1075065.8675520059,38198.866465405095,1170343.6965697987,900349.82607644005,1160258.9106490628,1506975.2706572493,1015459.9601339984,996466.9725383718,1092503.7280674146,1043574.9884434434,1073282.8379751884,1128853.6258056667,1115129.3408502818,915127.08081474318,884565.95371151948,1105732.9024799427,1014542.8471387908,1004371.2562852834,3210.236456494406,1057076.2219037891,780689.86876741599,1003709.7574952353,1412405.4839953205,857054.65236760664,863545.21234219323,984976.0148774694,971750.30425072485,996024.7902541128,994978.8041315641,915127.08081474318,861646.1075394738,841776.25845570792,940883.81864345248,917715.63812468573,882978.05272452685,-34131.51417561077,1061040.7070063453,720875.7417976869,1042913.7819698956,1460373.1065974294,869365.13020856003,892630.18137030082,985062.36722557899,953751.50038728537,1024540.6862611698,998361.87806609191,884565.95371151948,841776.25845570792,931141.56352600805,925481.38843037176,905370.6643589515,909504.63406356133,-7948.6852512738469,1212150.2058962302,913734.93086337566,1180641.3026855011,1539988.8320956356,1030483.677846601,1014138.7674249122,1103472.4760568568,1055955.0692618289,1096852.5460226447,1160547.0064690453,1105732.9024799427,940883.81864345248,925481.38843037176,1171553.6203043456,1043933.126343198,1028806.64097902,2839.0249572500543,1177172.1537646209,870998.77753029659,1106159.1984424817,1544406.2810561617,943424.68657828995,962443.28979637497,1087874.8185256633,1057719.4908943526,1081822.5782822196,1094681.1128228565,1014542.8471387908,917715.63812468573,905370.6643589515,1043933.126343198,1040972.1940727497,975727.56966047175,-18456.173747184715,1134587.5368586639,810202.35668342863,1139386.181260346,1504827.8183591231,958954.9550292627,977887.45775889803,1051762.1849266156,1040507.4597419066,1048239.5656347412,1075065.8675520059,1004371.2562852834,882978.05272452685,909504.63406356133,1028806.64097902,975727.56966047175,1026323.7948351479
