21213.813042437108,4744.9016050476657,-246.35452258957329,-737.0758992209212,15552.202783611388,2695.6423534753831,-14727.764640077432,7706.2117381328781,7893.305562877893,-9175.0387159970942,-7618.3830745286305,2691.4760599849606,-21434.337134109479,12223.047329680438,18663.083150757288,165.36889969927745,1666.5011373195841,4744.9016050476657,217685.04105080385,357668.9474137107,387796.44704558334,223601.75825939252,305369.16003787768,400308.62232917402,285051.91464329994,356958.79275292519,307527.75267871254,396175.42087197339,399531.97930366255,331299.77166785265,344940.44811887073,304854.24392447947,381996.45582653116,300552.11956459517,-246.35452258957329,357668.9474137107,924995.77279977489,882545.71317542857,602793.78883308568,886304.4887565698,821453.16999311326,669562.68076590775,660308.25480442448,736566.41612875718,790523.22674101952,815757.89694740938,780409.77684182301,719185.65723739762,624464.68800520711,835312.69727274752,739513.58548080618,-737.0758992209212,387796.44704558334,882545.71317542857,903975.92347002972,552134.35451832996,835890.84258237062,821906.66148281598,664226.97249966802,703284.4834026458,727998.60389068432,808856.33769142581,823318.84199242922,772220.36647585465,726336.05302742019,637745.16334140184,837642.61716756807,729894.97958323464,15552.202783611388,223601.75825939252,602793.78883308568,552134.35451832996,436951.92945806903,589648.34569914988,520357.77006508713,437495.93347909808,408001.32470145845,459472.15587229677,488737.73578384926,527547.24677303084,483051.81860722817,466415.19035851618,413903.97154471366,530760.25918156258,471788.09834649897,2695.6423534753831,305369.16003787768,886304.4887565698,835890.84258237062,589648.34569914988,930460.05057580292,680493.05205819034,645970.32979256741,574630.63997882418,697479.92477874958,661578.96693574719,721544.86009130219,721377.86187772546,650049.18248208251,579448.42582992651,768148.75636491762,706021.65604971792,-14727.764640077432,400308.62232917402,821453.16999311326,821906.66148281598,520357.77006508713,680493.05205819034,945268.86040735978,605173.12120702676,707726.30536489212,691672.93623507221,871740.53803272906,846573.19940139842,780348.61047746649,704596.71398834896,600181.50213052123,809513.10334375978,670423.78328456497,7706.2117381328781,285051.91464329994,669562.68076590775,664226.97249966802,437495.93347909808,645970.32979256741,605173.12120702676,507258.90233079286,512577.9742402219,539852.47422765289,589144.27213545819,616781.56182371697,574357.09317940369,545441.66642445489,481462.75213736441,623994.27602356579,547288.45552643412,7893.305562877893,356958.79275292519,660308.25480442448,703284.4834026458,408001.32470145845,574630.63997882418,707726.30536489212,512577.9742402219,622554.17459791247,559763.73598483612,695359.94139324862,698435.70366668981,600633.75147249538,605578.12685225077,529927.12173759344,678870.8239091814,553465.57529937604,-9175.0387159970942,307527.75267871254,736566.41612875718,727998.60389068432,459472.15587229677,697479.92477874958,691672.93623507221,539852.47422765289,559763.73598483612,614966.99890934327,664792.07163348561,669460.66700167651,652646.33842907334,582701.32198514196,506939.51726001699,681997.46982456883,601148.45531870122,-7618.3830745286305,396175.42087197339,790523.22674101952,808856.33769142581,488737.73578384926,661578.96693574719,871740.53803272906,589144.27213545819,695359.94139324862,664792.07163348561,847346.64191335964,816793.79539861798,729448.81474576006,700544.74711810262,592980.73538482271,794508.26547653193,652183.92591190455,2691.4760599849606,399531.97930366255,815757.89694740938,823318.84199242922,527547.24677303084,721544.86009130219,846573.19940139842,616781.56182371697,698435.70366668981,669460.66700167651,816793.79539861798,833875.85961530823,728640.94794609351,715546.11461279192,616379.01616207359,808096.21576374513,665432.64316098287,-21434.337134109479,331299.77166785265,780409.77684182301,772220.36647585465,483051.81860722817,721377.86187772546,780348.61047746649,574357.09317940369,600633.75147249538,652646.33842907334,729448.81474576006,728640.94794609351,729432.66917935456,619272.07998061145,530825.14469111979,731214.54570534802,638843.16262609197,12223.047329680438,344940.44811887073,719185.65723739762,726336.05302742019,466415.19035851618,650049.18248208251,704596.71398834896,545441.66642445489,605578.12685225077,582701.32198514196,700544.74711810262,715546.11461279192,619272.07998061145,636760.86158247991,547064.01216407889,708978.08893611818,590416.06686110573,18663.083150757288,304854.24392447947,624464.68800520711,637745.16334140184,413903.97154471366,579448.42582992651,600181.50213052123,481462.75213736441,529927.12173759344,506939.51726001699,592980.73538482271,616379.01616207359,530825.14469111979,547064.01216407889,491198.48038406071,611034.4547478467,512476.71809403098,165.36889969927745,381996.45582653116,835312.69727274752,837642.61716756807,530760.25918156258,768148.75636491762,809513.10334375978,623994.27602356579,678870.8239091814,681997.46982456883,794508.26547653193,808096.21576374513,731214.54570534802,708978.08893611818,611034.4547478467,812148.9940564984,681508.0128708788,1666.5011373195841,300552.11956459517,739513.58548080618,729894.97958323464,471788.09834649897,706021.65604971792,670423.78328456497,547288.45552643412,553465.57529937604,601148.45531870122,652183.92591190455,665432.64316098287,638843.16262609197,590416.06686110573,512476.71809403098,681508.0128708788,608345.77128185087
