145904.14343360602,12398.812071652217,-23557.145084712269,-16439.906278589278,64295.068408280982,16991.080194522405,-9006.7919167474793,-5725.3312570426278,-17601.069452370775,16518.797081830617,29218.358483955417,6045.5732302351953,-4937.1286196628453,-3454.076710719748,1518.1660610559541,-4668.3363287925376,1448.7431651440024,12398.812071652217,109065.86414415555,-3335.4796427010911,48884.069660162146,-64603.943264783222,-13489.552766373723,26962.969985536594,18824.187618678163,-12179.97260696573,10260.792976887362,-1214.4167480034816,1217.1912279290877,38771.907751310981,-31321.725106597343,16889.117214075013,-12504.831973998569,1180.6705993305543,-23557.145084712269,-3335.4796427010911,226906.07764739214,-75563.931244376436,-37659.890519233842,20334.182377320994,-20076.373034835364,-11286.79959831178,28433.498710774922,-5956.4783921889857,20491.033460977269,13042.736594557537,-17597.903212966954,23769.245776664626,2224.3564349104277,64505.619761791248,14258.508858735448,-16439.906278589278,48884.069660162146,-75563.931244376436,190568.35830196479,-133571.52340649033,-51887.281369262819,15491.617534049854,85631.39420226893,-20501.736981541755,45529.736223239961,-11186.949948820935,7718.4890198256617,73217.684271186226,-40499.965651014631,16463.293906585812,-16362.99731090213,4602.4658885539739,64295.068408280982,-64603.943264783222,-37659.890519233842,-133571.52340649033,235324.78650723671,62584.478685938353,6302.2563295335667,-99656.142734180219,10134.708528850686,-28704.892553756752,11513.924224532615,-14363.331324199067,-89739.576627818649,28720.396421715766,-26792.744616850374,-33894.93890321107,-4129.0115315784988,16991.080194522405,-13489.552766373723,20334.182377320994,-51887.281369262819,62584.478685938353,83631.990865791726,-17276.918752197969,-47208.508133865667,7823.3147107515051,3266.1474033731974,27007.632829895534,-4580.1742712458072,-35934.758788486048,15758.736469786902,-2356.9631395909355,202.58015004951343,-555.51624881159853,-9006.7919167474793,26962.969985536594,-20076.373034835364,15491.617534049854,6302.2563295335667,-17276.918752197969,79527.307305526119,11239.008813840081,-19633.93416841482,830.14409035649226,-8731.7482419396183,144.73155670834515,14571.916413120895,-22067.964829205404,-3206.616563211413,-24237.988914287671,-8545.2809201423006,-5725.3312570426278,18824.187618678163,-11286.79959831178,85631.39420226893,-99656.142734180219,-47208.508133865667,11239.008813840081,115147.11423529177,-22234.738941021173,14514.413909999255,-16942.698512990977,14142.574842999966,52367.837094441078,-15419.857384431147,11326.177002896002,11848.893610740695,1384.1142947582309,-17601.069452370775,-12179.97260696573,28433.498710774922,-20501.736981541755,10134.708528850686,7823.3147107515051,-19633.93416841482,-22234.738941021173,98361.690988330694,-8797.5832274390159,-4685.4100837051828,3375.829667167628,-21179.595076058842,5101.4328188339032,-11854.464142236026,9842.0673878440739,-4771.5628316359116,16518.797081830617,10260.792976887362,-5956.4783921889857,45529.736223239961,-28704.892553756752,3266.1474033731974,830.14409035649226,14514.413909999255,-8797.5832274390159,61756.364598355234,11069.375380035777,1062.9511600290123,15651.113926557582,-5352.5880596678644,9978.7705693562621,5786.6333131774645,6638.4181464899693,29218.358483955417,-1214.4167480034816,20491.033460977269,-11186.949948820935,11513.924224532615,27007.632829895534,-8731.7482419396183,-16942.698512990977,-4685.4100837051828,11069.375380035777,73827.541623436293,-402.82821489015095,-11905.974246048783,4808.7159365706884,8635.3116080810723,6587.3042484196376,1179.0746401513568,6045.5732302351953,1217.1912279290877,13042.736594557537,7718.4890198256617,-14363.331324199067,-4580.1742712458072,144.73155670834515,14142.574842999966,3375.829667167628,1062.9511600290123,-402.82821489015095,53641.214673727693,5048.9283736352072,7151.596270204599,-1497.1757850091856,11383.680537689139,471.81849599003277,-4937.1286196628453,38771.907751310981,-17597.903212966954,73217.684271186226,-89739.576627818649,-35934.758788486048,14571.916413120895,52367.837094441078,-21179.595076058842,15651.113926557582,-11905.974246048783,5048.9283736352072,87793.256935284473,-22183.649997888624,11779.318250303841,6550.7878757027138,1940.2263676318826,-3454.076710719748,-31321.725106597343,23769.245776664626,-40499.965651014631,28720.396421715766,15758.736469786902,-22067.964829205404,-15419.857384431147,5101.4328188339032,-5352.5880596678644,4808.7159365706884,7151.596270204599,-22183.649997888624,59968.861374763939,-6156.3046109094912,20218.839984582519,6443.3820967691108,1518.1660610559541,16889.117214075013,2224.3564349104277,16463.293906585812,-26792.744616850374,-2356.9631395909355,-3206.616563211413,11326.177002896002,-11854.464142236026,9978.7705693562621,8635.3116080810723,-1497.1757850091856,11779.318250303841,-6156.3046109094912,30152.337536054238,4137.9717507745354,-1416.9635377942216,-4668.3363287925376,-12504.831973998569,64505.619761791248,-16362.99731090213,-33894.93890321107,202.58015004951343,-24237.988914287671,11848.893610740695,9842.0673878440739,5786.6333131774645,6587.3042484196376,11383.680537689139,6550.7878757027138,20218.839984582519,4137.9717507745354,74879.051240515939,8605.5299007644262,1448.7431651440024,1180.6705993305543,14258.508858735448,4602.4658885539739,-4129.0115315784988,-555.51624881159853,-8545.2809201423006,1384.1142947582309,-4771.5628316359116,6638.4181464899693,1179.0746401513568,471.81849599003277,1940.2263676318826,6443.3820967691108,-1416.9635377942216,8605.5299007644262,30839.846908270876
