137571.62483693712,61780.852626526423,-7898.6172881984139,51680.90974756323,7531.5385255569981,22078.412797794223,-12451.791876635019,11994.063190746489,-11379.194760794453,-16366.055574060072,45828.34626952048,2586.4226787821272,-27763.228025143871,-14058.619979778912,-41425.729725390294,4799.7191719306265,-11670.601013167197,61780.852626526423,496799.09064464294,45958.975786668962,172647.76619966622,135816.63339472076,57190.514040455731,-185225.17515710377,41751.533155251382,33334.117406978839,101960.99699508586,70487.109012399131,186036.39010835433,62148.261338556396,37780.064477130014,-16096.85734606718,-10785.479888348658,-2038.1343814068136,-7898.6172881984139,45958.975786668962,157467.30427128769,-14420.737392076187,5136.2694465865461,-1432.3787316799167,7120.2222517516702,-44812.324796161171,19786.161965812884,75060.497878902373,29757.144461792159,7178.5986214287523,5806.1799301304081,31175.762697445574,9114.4711579222494,5106.7378024367436,-29295.10899206666,51680.90974756323,172647.76619966622,-14420.737392076187,176422.86919908467,21610.32439225736,55571.295238489889,-104015.36446771458,49859.289022617937,-15112.331338415996,10967.082680752703,49435.225625612424,26253.216651628751,30818.544234567868,4983.4445176098598,-18701.26178996871,3086.4334475397441,-903.69420025816351,7531.5385255569981,135816.63339472076,5136.2694465865461,21610.32439225736,107075.54193942185,9433.8821102797137,-49379.789345072466,14713.590780897915,-16210.626829189501,23506.94440635174,-9764.8780480505739,56916.573397954337,32117.790753876696,15923.959458135496,6845.3065618744567,-5313.4706423297312,-7046.4868358708491,22078.412797794223,57190.514040455731,-1432.3787316799167,55571.295238489889,9433.8821102797137,88590.678365775457,-36123.899049157306,15751.806081382694,-7316.0318273416588,26328.158474079904,8005.3397277885788,22166.237052872937,1872.2308905856244,-13154.857786902723,-20585.240159562389,-1530.1621653541681,15958.998093703749,-12451.791876635019,-185225.17515710377,7120.2222517516702,-104015.36446771458,-49379.789345072466,-36123.899049157306,135898.49218243206,-42825.497051371283,3675.1719585523251,-38111.233398940989,-25408.010162523704,-54456.932242230796,-28808.531511747256,-15006.759605518191,-1235.3703031961579,1750.9259236725657,-17716.046234775746,11994.063190746489,41751.533155251382,-44812.324796161171,49859.289022617937,14713.590780897915,15751.806081382694,-42825.497051371283,66582.160791522139,-16555.105764287873,-23138.519280592471,10457.163425687178,4228.6770677946288,13673.226565496601,10152.488482412269,-4183.0713777777428,232.85306253609292,14742.956850784427,-11379.194760794453,33334.117406978839,19786.161965812884,-15112.331338415996,-16210.626829189501,-7316.0318273416588,3675.1719585523251,-16555.105764287873,86329.984889053419,9227.6319524064511,-4644.8108147014382,7557.938115657902,-23374.909269671836,17151.34655157719,3491.588227368055,-11042.132383837332,-3898.1725529375417,-16366.055574060072,101960.99699508586,75060.497878902373,10967.082680752703,23506.94440635174,26328.158474079904,-38111.233398940989,-23138.519280592471,9227.6319524064511,131865.66379854237,33255.170389184241,47742.752736421695,5964.6688810548858,1854.3683806500035,17808.746952237416,9427.2543841313964,13444.515918958872,45828.34626952048,70487.109012399131,29757.144461792159,49435.225625612424,-9764.8780480505739,8005.3397277885788,-25408.010162523704,10457.163425687178,-4644.8108147014382,33255.170389184241,96838.465169279938,19143.908573247507,-19080.88697881969,3875.4756492397319,-22503.795009281836,8460.4334032666939,11630.058933299119,2586.4226787821272,186036.39010835433,7178.5986214287523,26253.216651628751,56916.573397954337,22166.237052872937,-54456.932242230796,4228.6770677946288,7557.938115657902,47742.752736421695,19143.908573247507,140100.50708407097,26208.929248942135,11148.340898319977,-11660.716015244871,656.50535089886353,15176.555894116105,-27763.228025143871,62148.261338556396,5806.1799301304081,30818.544234567868,32117.790753876696,1872.2308905856244,-28808.531511747256,13673.226565496601,-23374.909269671836,5964.6688810548858,-19080.88697881969,26208.929248942135,77450.205364211288,14170.98591569517,4483.219816942722,6338.9827535794366,-5181.1855081682334,-14058.619979778912,37780.064477130014,31175.762697445574,4983.4445176098598,15923.959458135496,-13154.857786902723,-15006.759605518191,10152.488482412269,17151.34655157719,1854.3683806500035,3875.4756492397319,11148.340898319977,14170.98591569517,50860.001624015189,10665.908925201757,9907.5231713705325,-9649.1299589503087,-41425.729725390294,-16096.85734606718,9114.4711579222494,-18701.26178996871,6845.3065618744567,-20585.240159562389,-1235.3703031961579,-4183.0713777777428,3491.588227368055,17808.746952237416,-22503.795009281836,-11660.716015244871,4483.219816942722,10665.908925201757,48283.288322286375,2075.3417059962444,346.3453860141845,4799.7191719306265,-10785.479888348658,5106.7378024367436,3086.4334475397441,-5313.4706423297312,-1530.1621653541681,1750.9259236725657,232.85306253609292,-11042.132383837332,9427.2543841313964,8460.4334032666939,656.50535089886353,6338.9827535794366,9907.5231713705325,2075.3417059962444,32730.121929347031,5450.7368038601744,-11670.601013167197,-2038.1343814068136,-29295.10899206666,-903.69420025816351,-7046.4868358708491,15958.998093703749,-17716.046234775746,14742.956850784427,-3898.1725529375417,13444.515918958872,11630.058933299119,15176.555894116105,-5181.1855081682334,-9649.1299589503087,346.3453860141845,5450.7368038601744,40597.805816014741
