164861.44290978496,10917.610453841062,79587.402145210086,-15364.91978518605,36116.673929835924,23920.828657687718,-15476.852424859215,34200.679741320251,36284.093542370152,-11392.075788528959,54696.781887756486,10380.89736555799,8190.0461359025312,-15015.47467785039,-196.3691306400319,7411.2841198136703,-14899.870957841558,10917.610453841062,314213.21477081929,68.257470444420576,-121652.89218356398,-101865.22676502269,-78502.213116912229,-29589.73988131123,-12653.098002935665,-22710.92721244691,97228.128542221544,64852.125976245909,18523.823905542144,18609.043987084246,-1255.2464755449266,17293.530791370693,78578.419292245526,32509.905444694734,79587.402145210086,68.257470444420576,176583.39265658651,51086.996874538178,25034.769735429341,31304.064898814373,-66334.538882568508,37470.18227402513,41744.350133102016,-60572.835955008435,39069.770765617068,-20360.475804631256,4626.2534344059341,-28515.29699249984,20680.477277706959,12100.653128205913,-51141.493506530751,-15364.91978518605,-121652.89218356398,51086.996874538178,173239.40192805565,59271.525965031666,31950.25311384672,-3133.5893709242746,32055.874538707154,3081.1423346450183,-81573.118791454559,-4636.0342786730398,-21719.028261227471,8534.8658080431451,-3360.289189274275,15746.697312472805,-41088.900931283089,-52651.044909729324,36116.673929835924,-101865.22676502269,25034.769735429341,59271.525965031666,147832.5818115084,68162.171436101533,37210.634702277421,10861.868910479505,-1584.8055154756885,-55897.895193103512,-22805.209297380381,-14500.35422720835,18717.526082702152,6128.4838689131229,16065.453949617102,-16391.885511130862,-24084.70333172334,23920.828657687718,-78502.213116912229,31304.064898814373,31950.25311384672,68162.171436101533,110988.56751790225,419.92199165615267,12531.796375235166,53977.845639570012,-39400.308223714077,-16545.546646212486,-35098.46515857926,-3715.0720016601249,-8630.8763289924282,9858.1712412463021,-23041.348562783056,-30052.505855919349,-15476.852424859215,-29589.73988131123,-66334.538882568508,-3133.5893709242746,37210.634702277421,419.92199165615267,138114.31045428736,-1789.1827000887374,-24129.826366144163,2416.8876031403152,-27536.332292782554,-14120.646807244926,-2711.2364960668901,-7368.761646236243,9368.8673465366282,-26621.6867394533,12681.708555630557,34200.679741320251,-12653.098002935665,37470.18227402513,32055.874538707154,10861.868910479505,12531.796375235166,-1789.1827000887374,74818.394928368478,37997.823126367555,8901.8547086356994,6286.6439992231817,5646.7207020358483,22002.887720699924,-13.66299846354552,-3244.5887526641436,-25864.452173506841,-8389.0976501150744,36284.093542370152,-22710.92721244691,41744.350133102016,3081.1423346450183,-1584.8055154756885,53977.845639570012,-24129.826366144163,37997.823126367555,125813.54095369282,5619.9080986060844,-186.47643405691451,-18713.899921660559,-8042.9909701686402,-14132.239305562769,-11473.154888098148,-34657.491704534426,-14920.889334032045,-11392.075788528959,97228.128542221544,-60572.835955008435,-81573.118791454559,-55897.895193103512,-39400.308223714077,2416.8876031403152,8901.8547086356994,5619.9080986060844,122023.24927627873,7024.9984078850348,43638.984840534809,12206.067834241358,14791.910608737289,-16295.283690553924,5050.8851311655726,45780.415893338723,54696.781887756486,64852.125976245909,39069.770765617068,-4636.0342786730398,-22805.209297380381,-16545.546646212486,-27536.332292782554,6286.6439992231817,-186.47643405691451,7024.9984078850348,99557.349880911264,3951.4844469684681,1253.0990249271711,-13056.368230245202,4505.1120234949576,14980.918695805554,-16793.685142295741,10380.89736555799,18523.823905542144,-20360.475804631256,-21719.028261227471,-14500.35422720835,-35098.46515857926,-14120.646807244926,5646.7207020358483,-18713.899921660559,43638.984840534809,3951.4844469684681,68634.054175559329,11155.100276065828,9778.2041446182211,-7371.6179194919587,10314.739447433571,24637.411964028026,8190.0461359025312,18609.043987084246,4626.2534344059341,8534.8658080431451,18717.526082702152,-3715.0720016601249,-2711.2364960668901,22002.887720699924,-8042.9909701686402,12206.067834241358,1253.0990249271711,11155.100276065828,62333.663532422164,7601.2856957642325,2256.3448107831123,2204.7582116278518,-5655.7685154472929,-15015.47467785039,-1255.2464755449266,-28515.29699249984,-3360.289189274275,6128.4838689131229,-8630.8763289924282,-7368.761646236243,-13.66299846354552,-14132.239305562769,14791.910608737289,-13056.368230245202,9778.2041446182211,7601.2856957642325,57970.192814106558,-9722.8244584840504,3283.1998193185527,15827.878780592066,-196.3691306400319,17293.530791370693,20680.477277706959,15746.697312472805,16065.453949617102,9858.1712412463021,9368.8673465366282,-3244.5887526641436,-11473.154888098148,-16295.283690553924,4505.1120234949576,-7371.6179194919587,2256.3448107831123,-9722.8244584840504,55224.907780301248,13993.027148248324,-14992.486500559489,7411.2841198136703,78578.419292245526,12100.653128205913,-41088.900931283089,-16391.885511130862,-23041.348562783056,-26621.6867394533,-25864.452173506841,-34657.491704534426,5050.8851311655726,14980.918695805554,10314.739447433571,2204.7582116278518,3283.1998193185527,13993.027148248324,73911.302858699928,9430.6397749641656,-14899.870957841558,32509.905444694734,-51141.493506530751,-52651.044909729324,-24084.70333172334,-30052.505855919349,12681.708555630557,-8389.0976501150744,-14920.889334032045,45780.415893338723,-16793.685142295741,24637.411964028026,-5655.7685154472929,15827.878780592066,-14992.486500559489,9430.6397749641656,62799.727810354801
