136186.0682259298,-52695.7801122655,3179.6034455432336,-30378.234072161089,36477.195914227057,13570.35339840515,13705.191275558003,28305.132294379146,-20139.212202898692,46079.967030472173,-12595.373671140345,4462.2552430048045,-13639.757435928323,-38.212871675461471,806.39638390640357,30695.61108970354,-11908.157422234612,-52695.7801122655,404176.23511736118,296736.29940596782,179915.80862062474,-14757.484913654715,83312.700002628728,54277.786597575825,-170666.52503641698,35633.525224482022,-59749.030412569809,38286.165173670677,-19043.639968405274,15733.815200914947,63764.75265632142,31472.880131570222,18638.076515106772,99305.545421588191,3179.6034455432336,296736.29940596782,477661.71188012639,144688.84839580086,-14762.025192049647,90771.728838707451,49830.879676661076,-65536.151202703564,95392.594082825439,-59327.833479716115,-48656.464751870968,52489.838561663513,2742.0215795070867,29977.492098005543,7510.7011806427508,24404.992156075899,97631.567548257197,-30378.234072161089,179915.80862062474,144688.84839580086,204332.56662931474,-51246.916836897697,16040.508174374634,48343.78168120519,-84993.154904248164,564.21736322831339,11262.971785094436,13056.981017954535,-14401.620457458561,12182.895254791118,77475.46565067659,31135.31319862379,-12513.423779510185,47174.997795938965,36477.195914227057,-14757.484913654715,-14762.025192049647,-51246.916836897697,104632.6848739596,33666.524834232499,-4312.5119317154586,5097.3449025673453,-6409.4780703089464,-17593.682938712347,8880.4645515614702,21286.047450133978,9766.4677216371729,-24731.39944062792,-10081.183746587829,9274.1441879816812,10995.253855671677,13570.35339840515,83312.700002628728,90771.728838707451,16040.508174374634,33666.524834232499,115972.86959385361,-9378.7947981893049,-36991.932561240908,36301.130191118806,-24165.987602846904,4516.4085506855645,13772.11804946088,7877.5255986080974,8340.3997078184384,4629.4565137894779,31225.225132940435,22347.882223341854,13705.191275558003,54277.786597575825,49830.879676661076,48343.78168120519,-4312.5119317154586,-9378.7947981893049,99646.361303075188,-22159.005137542328,-23513.273930786116,-1267.4475691342343,-3210.5772899767408,-13313.615377381813,-2103.0893388874615,25568.096230004783,10799.327764108741,-6592.5661886669832,19066.00217553016,28305.132294379146,-170666.52503641698,-65536.151202703564,-84993.154904248164,5097.3449025673453,-36991.932561240908,-22159.005137542328,132482.12691599067,5293.2821603030934,13923.455040022478,-46024.558133343955,21499.91714120502,-12773.52305215765,-52443.442268951243,-23971.452427404656,-2741.5588006371795,-39690.317724560831,-20139.212202898692,35633.525224482022,95392.594082825439,564.21736322831339,-6409.4780703089464,36301.130191118806,-23513.273930786116,5293.2821603030934,93481.402543175165,-33417.523023603935,-23711.626636823352,23655.132653179931,-4177.25841195662,-16883.64115074019,-20981.541266443033,4580.1150676861507,13076.485713687633,46079.967030472173,-59749.030412569809,-59327.833479716115,11262.971785094436,-17593.682938712347,-24165.987602846904,-1267.4475691342343,13923.455040022478,-33417.523023603935,89880.657296494915,3195.3330489769314,-3335.4329439990929,-2696.1269952404268,23581.641842965448,17039.309341991531,5041.240948206877,-17843.099625581024,-12595.373671140345,38286.165173670677,-48656.464751870968,13056.981017954535,8880.4645515614702,4516.4085506855645,-3210.5772899767408,-46024.558133343955,-23711.626636823352,3195.3330489769314,79787.204467730626,-22859.698159286632,3045.092391707482,12899.012639290213,20879.440298291564,-901.31177845214199,3245.6627666349218,4462.2552430048045,-19043.639968405274,52489.838561663513,-14401.620457458561,21286.047450133978,13772.11804946088,-13313.615377381813,21499.91714120502,23655.132653179931,-3335.4329439990929,-22859.698159286632,57656.642721843782,2051.9695335824454,-13822.147430638415,-9635.8644112940419,-3391.7312166493775,10140.795905186636,-13639.757435928323,15733.815200914947,2742.0215795070867,12182.895254791118,9766.4677216371729,7877.5255986080974,-2103.0893388874615,-12773.52305215765,-4177.25841195662,-2696.1269952404268,3045.092391707482,2051.9695335824454,38318.242330372406,9808.9832341595338,-1346.0392012963541,-12846.265056189113,2875.3411134582798,-38.212871675461471,63764.75265632142,29977.492098005543,77475.46565067659,-24731.39944062792,8340.3997078184384,25568.096230004783,-52443.442268951243,-16883.64115074019,23581.641842965448,12899.012639290213,-13822.147430638415,9808.9832341595338,74665.4583614437,19411.656670561511,-13131.122618663847,5194.0473125153148,806.39638390640357,31472.880131570222,7510.7011806427508,31135.31319862379,-10081.183746587829,4629.4565137894779,10799.327764108741,-23971.452427404656,-20981.541266443033,17039.309341991531,20879.440298291564,-9635.8644112940419,-1346.0392012963541,19411.656670561511,45953.607124230242,1776.4666235350851,7443.2739373580862,30695.61108970354,18638.076515106772,24404.992156075899,-12513.423779510185,9274.1441879816812,31225.225132940435,-6592.5661886669832,-2741.5588006371795,4580.1150676861507,5041.240948206877,-901.31177845214199,-3391.7312166493775,-12846.265056189113,-13131.122618663847,1776.4666235350851,64686.315678554303,11633.300672426025,-11908.157422234612,99305.545421588191,97631.567548257197,47174.997795938965,10995.253855671677,22347.882223341854,19066.00217553016,-39690.317724560831,13076.485713687633,-17843.099625581024,3245.6627666349218,10140.795905186636,2875.3411134582798,5194.0473125153148,7443.2739373580862,11633.300672426025,64842.235522076342
