173398.72497171458,-39747.092835947937,-126805.55978092586,-30967.804751547072,64840.789204001689,-11296.695557971307,13266.056167371089,-35552.821525152773,9196.5828970910115,22661.230694347902,3055.0573548780849,-21276.315696974216,20020.370845406251,-54978.369019872327,-14707.133326175528,27116.248431010714,2079.4516131440409,-39747.092835947937,151365.88643527179,80956.982923531759,81563.508565414697,48151.471474928512,84442.310204346431,55477.005197247476,20521.603332403887,-7241.3342600906562,-12495.311462353304,21357.639575572521,34216.725663048142,40202.353963881367,53725.703045539289,-13525.917859432664,32663.000598445811,16786.581987513975,-126805.55978092586,80956.982923531759,325962.95241488103,53472.797919085126,18324.533743435397,65259.303094001683,84546.639617797904,113052.44797115741,-22036.397470233318,-37682.48468475142,-11555.384094143665,81634.20339233648,2160.9558527547129,80253.969473296442,19866.154221207245,21923.127977602031,23953.701601945846,-30967.804751547072,81563.508565414697,53472.797919085126,314091.50782429334,73406.678940141137,149347.37159659623,116700.61157241037,86982.503384487442,42887.198054849163,80742.199602196604,24095.836195000986,54929.532277361846,42998.391204608648,88996.870148961709,-18762.763687594779,119644.8024635014,10385.793917116664,64840.789204001689,48151.471474928512,18324.533743435397,73406.678940141137,146593.85616759837,58750.557360620121,81261.326956308345,27495.641070712343,39167.499477809484,13045.354380568428,35494.406505745865,27755.516640259837,51749.891002949349,7306.4478017213314,-17025.316953284742,65509.215715159022,24410.96938624663,-11296.695557971307,84442.310204346431,65259.303094001683,149347.37159659623,58750.557360620121,163644.8628927838,97971.918170369434,47888.348663395656,3979.8083566342079,36756.970246343379,40493.09690290055,51200.535354776388,41320.031984090972,70126.162349166218,-6403.1800325584863,74167.265693788868,7392.963232623174,13266.056167371089,55477.005197247476,84546.639617797904,116700.61157241037,81261.326956308345,97971.918170369434,144362.42058877859,73311.52077458908,23451.700303906895,27948.71494647795,13895.184146037956,46226.63089694205,25201.078740134359,52004.565977283004,-10012.448535915568,80422.544573515872,17635.708595565389,-35552.821525152773,20521.603332403887,113052.44797115741,86982.503384487442,27495.641070712343,47888.348663395656,73311.52077458908,127963.86876498192,7381.1442589185936,25019.34358615493,-7478.5853522582302,45274.537810205133,-4566.2406071861951,29527.828332132336,8758.3540590865086,66186.011709077226,7773.9476896302067,9196.5828970910115,-7241.3342600906562,-22036.397470233318,42887.198054849163,39167.499477809484,3979.8083566342079,23451.700303906895,7381.1442589185936,104094.60425595549,2261.9815914897913,3275.5284140750032,-3079.7343757593003,27823.062444423536,-12631.947725883327,-20840.332488824508,44679.938838111455,4341.8429643981171,22661.230694347902,-12495.311462353304,-37682.48468475142,80742.199602196604,13045.354380568428,36756.970246343379,27948.71494647795,25019.34358615493,2261.9815914897913,89870.28560458876,545.40818400915271,15680.335249243204,1403.211287185394,15076.010768972395,-3789.3548746165548,50617.199914473305,-10363.999825312081,3055.0573548780849,21357.639575572521,-11555.384094143665,24095.836195000986,35494.406505745865,40493.09690290055,13895.184146037956,-7478.5853522582302,3275.5284140750032,545.40818400915271,50620.423709207062,6743.3133850521272,31953.125919936047,11969.012014999467,1191.6695481816323,16061.224090895241,12755.596836751522,-21276.315696974216,34216.725663048142,81634.20339233648,54929.532277361846,27755.516640259837,51200.535354776388,46226.63089694205,45274.537810205133,-3079.7343757593003,15680.335249243204,6743.3133850521272,70234.50137822004,8823.1646881641573,29732.681824847659,1218.0815064373983,16719.201603156198,18406.690177647284,20020.370845406251,40202.353963881367,2160.9558527547129,42998.391204608648,51749.891002949349,41320.031984090972,25201.078740134359,-4566.2406071861951,27823.062444423536,1403.211287185394,31953.125919936047,8823.1646881641573,63023.094123872375,10537.174777786451,-13216.627619722951,34584.107842940095,20164.370590586208,-54978.369019872327,53725.703045539289,80253.969473296442,88996.870148961709,7306.4478017213314,70126.162349166218,52004.565977283004,29527.828332132336,-12631.947725883327,15076.010768972395,11969.012014999467,29732.681824847659,10537.174777786451,95776.469321743323,-6959.3424154336753,22152.011747761571,-7076.8606370767793,-14707.133326175528,-13525.917859432664,19866.154221207245,-18762.763687594779,-17025.316953284742,-6403.1800325584863,-10012.448535915568,8758.3540590865086,-20840.332488824508,-3789.3548746165548,1191.6695481816323,1218.0815064373983,-13216.627619722951,-6959.3424154336753,43862.046499549288,-15024.741792857087,2963.5266250240261,27116.248431010714,32663.000598445811,21923.127977602031,119644.8024635014,65509.215715159022,74167.265693788868,80422.544573515872,66186.011709077226,44679.938838111455,50617.199914473305,16061.224090895241,16719.201603156198,34584.107842940095,22152.011747761571,-15024.741792857087,145069.32074661803,3022.0406575647748,2079.4516131440409,16786.581987513975,23953.701601945846,10385.793917116664,24410.96938624663,7392.963232623174,17635.708595565389,7773.9476896302067,4341.8429643981171,-10363.999825312081,12755.596836751522,18406.690177647284,20164.370590586208,-7076.8606370767793,2963.5266250240261,3022.0406575647748,53452.883119761929
